0.720358259512 -0.314925046444 -0.0878001219508 -0.505960286291 0.185459656213 0
0.563492087375 -0.363005938802 -0.14136494129 -0.617615859654 0.288954762311 0
0.462934496509 -0.281551874205 -0.1772738113 -0.737978180976 0.354631959697 0
0.200168070075 -0.478472808389 -0.294200891529 -0.656665009956 0.441929658114 0
0.200168070075 -0.678472808389 -0.294200891529 -0.656665009956 0.441929658114 0
0.290375944116 -0.240391390357 -0.238807092452 -0.866758545978 0.449067951564 0
0.74262504484 -0.291575199853 -0.0928311061472 -0.590242617721 0.251580867651 0
0.304435820785 -0.354596931687 -0.219333540994 -0.836400206708 0.598807024893 0
0.742622785049 -0.287237633969 -0.0974493093708 -0.587265737005 0.24640858823 0
0.649178124107 -0.306949959238 -0.129065995682 -0.622957468062 0.281854771272 0
0.266102208981 -0.253748898847 -0.279654739783 -0.851231619018 0.49535265294 0
0.481090372557 -0.393117303915 -0.413276517574 -0.112736238427 0.100585234329 0
0.134042209041 -0.189863383407 -0.294962912204 -0.900765131382 0.49914060567 0
0.73835179214 -0.28685034932 -0.0968093327582 -0.611627934584 0.26428195289 0
0.73763605056 -0.279612195454 -0.104340361092 -0.610766031971 0.258707503304 0
0.436811111202 -0.298954282123 -0.283387887842 -0.728325680569 0.461471689958 0
0.215965390061 -0.241550471864 -0.256315723814 -0.886337539862 0.5554522702 0
0.0867498941005 -0.453956253051 -0.277237310276 -0.71712676386 0.384250608396 0
0.523097502764 -0.385392507115 -0.147508708924 -0.585741919216 0.266676725219 0
0.0812984087479 -0.542407587676 -0.267182182381 -0.649404330291 0.356711964437 0
0.732117185549 -0.299942653613 -0.106463262277 -0.613672982206 0.293545154406 0
0.727165722247 -0.295546655756 -0.10328897681 -0.513448549407 0.199106848074 0
0.0775906806808 -0.278898548197 -0.376263571122 -0.82688387382 0.298374091227 0
0.442456412964 -0.486879213361 -0.413517680115 -0.655757977486 0.692527687156 0
0.657678013859 -0.409679864313 -0.125071278831 -0.623446592007 0.436544350424 0
0.527538938369 -0.261845932445 -0.175692446337 -0.706633286218 0.387878104027 0
0.0380721216165 -0.34612138512 -0.314977180836 -0.785238587139 0.253763059752 0
0.106187952996 -0.205831973443 -0.289379526671 -0.897623889374 0.468293564726 0
0.290089605899 -0.308424377449 -0.25129980886 -0.788629781673 0.371947424027 0
0.631133346714 -0.288834477489 -0.128817455466 -0.654865201104 0.280666431468 0
0.748306586948 -0.285617306306 -0.0941148005888 -0.611747904988 0.268452205003 95089
0.749559969677 -0.275731846584 -0.103519673799 -0.610629834224 0.261972436057 77853
0.735507285657 -0.299039168385 -0.0912229110963 -0.563301084416 0.230444684184 75902
0.017092446415 -0.218171496068 -0.34301412525 -0.873026066466 0.202134899446 62255
0.172914162019 -0.185203835008 -0.272983416877 -0.9212122472 0.532627745149 39601
0.0744200380073 -0.567798404654 -0.266402333913 -0.633144146778 0.343210395624 35933
0.582941584629 -0.539821703633 -0.413488206213 -0.551003146555 0.69688681275 34852
0.24087463426 -0.299549629524 -0.244398567535 -0.798472226334 0.321347292424 28550
0.408592384028 -0.329793530965 -0.267917034113 -0.764930549568 0.493785473893 25626
0.7012857931 -0.291441500824 -0.106842239386 -0.611181232974 0.248754303773 25538
0.0744200380073 -0.567798404654 -0.266402333913 -0.633144146778 0.343210395624 21632
0.384667472419 -0.274666046695 -0.207347105226 -0.828085470171 0.419965593254 21255
0.115579196482 -0.187773923955 -0.302571329385 -0.91349241844 0.480209611881 15368
0.0987077554986 -0.478142727037 -0.26915600044 -0.690559304875 0.390884808853 14197
0.135769260934 -0.184192376204 -0.290390987266 -0.93016950226 0.496786120652 12963
0.408592384028 -0.329793530965 -0.267917034113 -0.764930549568 0.493785473893 11857
0.606444296115 -0.294177673352 -0.12213165616 -0.572758164427 0.23483672322 11592
0.737644066217 -0.302008075927 -0.114707583286 -0.607831161802 0.296077112468 11458
0.485996403324 -0.688848952699 -0.600720766175 -0.51539155077 0.948056468619 9222
0.534027432099 -0.466438683949 -0.101299339866 0.324687549723 -0.343074897938 9027
0.170888775423 -0.177962469488 -0.269203947346 -0.95917837879 0.525620052376 8835
0.135769260934 -0.184192376204 -0.290390987266 -0.93016950226 0.496786120652 8301
0.175530668903 -0.194558633131 -0.277865945508 -0.872165489985 0.541680671841 6839
0.0987077554986 -0.478142727037 -0.26915600044 -0.690559304875 0.390884808853 6254
0.503271032409 -0.617584035417 -0.145082607371 -0.653598529871 0.707773472853 5934
0.515515007294 -0.576163311908 -0.538609598977 -0.482685419751 0.823693287807 4756
0.461268267967 -0.586617231306 -0.0292610183625 0.474724990707 -0.583907985304 4438
0.812273265483 -0.468095094605 -0.0836194167187 -0.565869973761 0.208632755052 4417
-0.33415943918 -0.326584094868 -0.487252901499 -0.728703277619 -0.789615432582 4309
0.485996403324 -0.688848952699 -0.600720766175 -0.51539155077 0.948056468619 4029
0.59276335109 -0.479750040591 -0.391110763097 -0.525512841798 0.639444982443 3669
0.691521485713 -0.44020565474 -0.262971894392 -0.164893490078 0.316569034262 3615
0.595294916047 -0.348726448233 -0.295699535091 -0.187686361036 0.271154799486 3259
0.658410595043 -0.524126103162 -0.319521881215 -0.522740600724 0.527528197523 3089
-0.753696395699 -0.471661752213 -0.500672186599 -0.593646486748 -0.360765295973 3073
0.79238530576 0.0620326088739 -0.424863543264 -0.572427810915 0.0405729573209 2783
0.315126853463 -0.228426929118 -0.237780197665 -0.798314860432 0.438200464412 2568
0.646582167635 -0.715820650348 -0.542501758884 -0.480055308435 0.952863929537 2377
0.198124752265 -0.153223100132 -0.28188337292 -0.936450379643 0.474526551834 2368
0.748306586948 -0.285617306306 -0.0941148005888 -0.611747904988 0.268452205003 2362
0.650677897874 -0.498102183883 -0.331632892722 -0.043645886259 0.208177676355 2340
0.472551915675 -0.125817541564 -0.630250428429 -0.550182609149 0.933171649102 2337
0.636354555265 -0.527496703039 -0.0563757609418 -0.0443385844545 -0.188577386755 2030
0.811074025516 -0.348751747954 -0.0953664680552 -0.535943714713 0.0705635092917 1925
0.547954523529 -0.483684617121 -0.439839306001 -0.362735085084 0.599024175712 1779
0.367581050122 -0.612219424037 -0.587625460214 -0.54198651108 0.666453324795 1713
0.681931586006 -0.0310707850432 -0.417774637043 -0.41035943022 0.180779722105 1365
0.583193312382 -0.571260579842 -0.44099259094 -0.349634029917 0.649413470817 1338
0.62545080386 -0.226509317092 -0.388661591329 -0.543751386298 0.543560980605 1033
0.0901201171471 -0.151083196403 -0.601499258611 -0.272018429632 -0.147460395562 1015
0.267980931523 -0.314601498566 -0.188975911572 -0.47973415715 0.154634937389 990
0.459410043911 0.538518062727 -0.141515731626 -0.818949154711 0.53861837109 978
0.80502026216 0.253693465943 -0.154665583202 -0.384875959036 -0.626410043306 875
0.543766216347 -0.214925931199 -0.277246938997 -0.216334028687 0.0511951627748 848
0.920740211044 0.172306697093 -0.48418086182 -0.472756956966 0.93694575084 835
-0.210716474791 -0.237988671336 -0.523672747827 -0.671866626341 -0.708794028499 825
0.441141041817 0.22985162278 -0.715992745167 -0.37173288816 -0.282005511105 816
0.70752485559 -0.252174198703 -0.914961094918 -0.244933374038 0.356954900967 815
0.145414555443 -0.415822437579 -0.509776812347 0.22763558914 0.365529099131 783
0.451100397474 0.398121287366 -0.402816313036 -0.615533060226 0.165358009958 758
0.449407618845 -0.647838854315 -0.569854672714 -0.404452733214 0.918866098636 749
0.441495955062 -0.643123555586 -0.469373084212 0.497520443975 0.712406911006 726
0.63065016073 0.306003359315 -0.469507563619 -0.72961509689 0.328571768725 717
0.206988149221 -0.467765170625 -0.202726840528 0.0914610626093 -0.347567674232 706
0.554170798776 -0.037429086808 -0.257858547392 -0.107522359995 -0.0214567579596 697
0.235139867874 -0.407679426426 -0.389099599232 0.245216592273 0.747924237212 688
0.296369982914 -0.427845339848 -0.533765056449 0.264473205187 0.0261228204445 677
0.261975619639 0.736376417881 -0.949463567859 -0.739798424179 0.780937704822 667
-0.0615468274679 0.0140515295132 -0.804678315561 -0.24175990343 -0.332474091159 651
0.89397222716 -0.0515428355546 -0.973872361873 -0.592242913636 0.00557557829496 636
