0.360151588629 -0.577222069406 -0.177846843301 -0.37001649442 0.0219592804789 0
0.421657889366 -0.494581755072 -0.196373139586 -0.622877642728 -0.283177065483 0
0.361282949548 -0.597049119118 0.0177333174614 -0.368235160183 -0.140302737611 0
0.335273939398 -0.598706251546 -0.179918174261 -0.374855049469 -0.00416754714646 0
0.373078044511 -0.546325355261 -0.192072534524 -0.487645902705 -0.0888694387597 0
0.367193749574 -0.543913738658 -0.180461902134 -0.442346268437 0.0209951433138 0
0.369369126439 -0.561051034692 -0.22023870391 -0.632007299297 -0.37885553051 0
0.375089415572 -0.521311761919 -0.182628257621 -0.46799483434 -0.0773821304833 0
0.345473941554 -0.57558123076 -0.203771829107 -0.514375676657 -0.159417842603 0
0.31798777726 -0.622932975949 -0.21310659675 -0.462682983249 -0.268503673419 0
0.336073143163 -0.603529009619 -0.174325057572 -0.343180390964 -0.0409189855333 0
0.355180694216 -0.574396615788 -0.182560551296 -0.432337135476 -0.0737747851156 0
0.360151588629 -0.577222069406 -0.177846843301 -0.37001649442 0.0219592804789 0
0.284809830158 -0.701981060446 -0.179714058246 -0.223696487679 -0.15716429292 0
0.346079696453 -0.605561817502 -0.188409753781 -0.395415646213 -0.173046150688 0
0.354295853945 -0.571069355023 -0.212031869034 -0.571559948297 -0.269417990347 0
0.358031370627 -0.5806827524 -0.158604368868 -0.300240622466 0.0673722466826 0
0.372329615142 -0.540667418055 -0.157329747276 -0.335621840996 0.198240997774 0
0.349108280426 -0.623202199604 -0.189438172932 -0.42839549823 -0.393103567015 0
0.366002367606 -0.564232663458 -0.190096364138 -0.430189838728 -0.0563871650025 0
0.357986596496 -0.556048774301 -0.194298435926 -0.490171660803 -0.0574202610604 0
0.390109852478 -0.518037366961 -0.200469874936 -0.53584717019 -0.188945047754 0
0.402177790031 -0.511106391903 -0.201603370577 -0.617702709654 -0.256728858369 0
0.387408588186 -0.528074231051 -0.163292954014 -0.387327808409 0.107784627758 0
0.421657889366 -0.494581755072 -0.196373139586 -0.622877642728 -0.283177065483 0
0.29559814973 -0.642904984666 -0.193554469327 -0.34941885844 -0.155246054686 0
0.237613472724 -0.715572136585 -0.209021176528 -0.323188156183 -0.0603061719122 0
0.303227062817 -0.645897821535 -0.171907262004 -0.260910460789 0.0405176826765 0
0.396605761761 -0.531900134489 -0.191879628022 -0.498724647063 -0.163178061081 0
0.386553881004 -0.595088449413 -0.196487028678 -0.462620460724 -0.307819205118 0
0.401283697662 -0.510715514644 -0.135215494546 -0.284984838106 0.295510949464 26087
0.342877647947 -0.571134364334 -0.179824269266 -0.387129580776 0.099298424673 25646
0.427532084358 -0.485017041454 -0.192797209347 -0.626367593851 -0.274956500456 23632
0.284809830158 -0.701981060446 -0.179714058246 -0.223696487679 -0.15716429292 23361
0.375341552133 -0.538720649519 -0.210924246745 -0.608531368079 -0.237435821338 22327
0.208719790762 -0.747590824443 -0.243928293973 -0.432232310806 -0.263587928799 22065
0.334364891939 -0.558309254009 -0.214434785015 -0.53432666804 -0.251719739284 21732
0.396162520993 -0.511484688344 -0.181221540381 -0.508128178214 -0.0722907745447 21527
0.305411706618 -0.665803086838 -0.187058669312 -0.318800415714 -0.210175407072 21443
0.255537339379 -0.730324595633 -0.171977150234 -0.158338662614 -0.0555519931702 21030
0.292522369293 -0.642539364821 -0.227328876004 -0.520902094815 -0.250434700666 20607
0.269544710452 -0.680187365094 -0.170444318548 -0.20268032929 0.164346335636 19966
0.450840225569 -0.474163863386 -0.185256047693 -0.537503654686 -0.120556257082 19948
0.419478288458 -0.480985274904 -0.147959812775 -0.395694532908 0.112642190635 19938
0.282831095843 -0.693498146861 -0.213533284927 -0.359275750751 -0.291241890134 19867
0.449392428502 -0.476194295142 -0.212855451784 -0.747705159156 -0.512584776081 19789
0.369043375294 -0.551050375702 -0.200456518128 -0.522789834198 -0.140691528026 19709
0.420342626433 -0.504546227878 -0.204665411151 -0.645352601639 -0.348960394238 19552
0.241223122426 -0.781560133812 -0.173543560176 -0.11302564609 -0.280267421205 19538
0.397106188887 -0.554949555435 -0.203912808524 -0.488107884328 -0.265791509305 19067
0.361645469451 -0.565533003884 -0.188161012192 -0.422076911904 -0.0270546468816 19008
0.364510366836 -0.393368299807 -0.190033805823 -0.442791943192 -0.278407768142 18941
0.355129909124 -0.548382683446 -0.212655811639 -0.571930071153 -0.244481330878 18805
0.434635480526 -0.498043604148 -0.219123271086 -0.730119650629 -0.511406797854 18701
0.340265457285 -0.616780077351 -0.188349015003 -0.361135122313 -0.148183405345 18654
0.165611212097 -0.835617040379 -0.223401674403 -0.227123701531 -0.317348109807 18588
0.405948169844 -0.511095076302 -0.190104775757 -0.559982975749 -0.185359220561 18569
0.318213730591 -0.669637224916 -0.188542924462 -0.298278671255 -0.27311777188 18429
0.466147150357 -0.454861683655 -0.203193892243 -0.722189778022 -0.433021492945 18319
0.324566680519 -0.61454003776 -0.226948672406 -0.583268934722 -0.376908735606 18307
0.464499982238 -0.453825875164 -0.206438717303 -0.765708476339 -0.513790741529 18267
0.493642730654 -0.632886010251 -0.170475769764 -0.269592466747 0.199354280567 18233
0.455780541366 -0.519572625539 -0.204534183991 -0.629094095536 -0.342970786119 18193
0.352069248996 -0.594005299983 -0.18847232398 -0.430729810828 -0.198658567941 18108
0.457369671469 -0.46444218261 -0.195381491256 -0.646586932905 -0.308524707361 17945
0.292522369293 -0.642539364821 -0.227328876004 -0.520902094815 -0.250434700666 17941
0.396454606228 -0.510322557439 -0.0783890525964 -0.000281424976412 0.793352061596 17936
0.318971785068 -0.616037121265 -0.185353214365 -0.361698306158 0.0128153651278 17671
0.385562124866 -0.525351092894 -0.19634381714 -0.559245568192 -0.156369614782 17494
0.315781849302 -0.650694258316 -0.178946470414 -0.283846743551 -0.0835289165104 17478
0.262200805661 -0.737161517018 -0.193705363542 -0.237178693401 -0.285800469656 17439
0.385562124866 -0.525351092894 -0.19634381714 -0.559245568192 -0.156369614782 17407
0.366821907941 -0.473775959155 -0.195348714926 -0.483585693097 -0.20818139359 17361
0.370871529152 -0.532345141861 -0.17121778695 -0.398301650422 0.046814462129 17309
0.247850231706 -0.724135321059 -0.210905162709 -0.324989644402 -0.208857982122 17147
0.308485121478 -0.668285641282 -0.208825241452 -0.420719733842 -0.456787117717 17147
0.295632604297 -0.665962998716 -0.177032612913 -0.258111869548 -0.145815299975 17112
0.413759851133 -0.498500741249 -0.16258473134 -0.447247902202 0.0243613532028 17093
0.374551119626 -0.525379361476 -0.158345257927 -0.373775569128 0.171486085401 17087
0.329930656506 -0.59781378474 -0.0141919749876 -0.52182494072 -0.196785325987 17053
0.280680706272 -0.583972601765 -0.219033998015 -0.437109889624 -0.27043333135 17042
0.351276560643 -0.587052181754 -0.180688067297 -0.377517621839 -0.0889396466376 17018
0.321915211048 -0.577390719924 -0.170512669223 -0.348095683134 0.240426593912 17018
0.479057783111 -0.543272544836 -0.188473993399 -0.517881539273 -0.157550380217 16988
0.38644627661 -0.540974175002 -0.182376803184 -0.43407247276 -0.0591266240712 16987
0.26838679228 -0.682275205821 -0.198136355143 -0.319891951726 -0.0757846739144 16986
0.351276560643 -0.587052181754 -0.180688067297 -0.377517621839 -0.0889396466376 16967
0.247850231706 -0.724135321059 -0.210905162709 -0.324989644402 -0.208857982122 16965
0.389320003623 -0.523630593885 -0.170129967846 -0.434194227429 0.0497328160378 16950
0.280717007797 -0.69775014332 -0.179591234796 -0.239349690131 -0.133615465595 16867
0.430081022099 -0.505471163955 -0.205148700088 -0.623933941388 -0.387134038234 16814
0.321877593731 -0.611801962163 -0.217486081314 -0.532628507688 -0.269467134992 16764
0.23091650516 -0.907365100465 -0.112615586871 0.212123106184 -0.361149951838 16678
0.283238840941 -0.615550284398 -0.19586223268 -0.400681440928 0.16876607812 16592
0.323679884865 -0.617766222078 -0.21607039359 -0.482215715174 -0.195675716212 16587
0.377099378255 -0.546385986633 -0.192087210363 -0.481721548315 -0.102934196887 16494
0.435744300042 -0.489202749223 -0.194863436917 -0.590887518251 -0.233613413783 16486
0.330814950063 -0.643003574876 -0.189110058776 -0.379284449746 -0.314626208842 16395
0.360151588629 -0.577222069406 -0.177846843301 -0.37001649442 0.0219592804789 16307
0.30088579297 -0.624310527186 -0.249399409896 -0.609795450827 -0.482072615321 16195
