0.502028067708 -0.712298306511 -0.183546711127 -0.826874840135 0
0.841599005481 -0.930145766933 -0.17490617651 -0.560133640677 0
0.129840868512 -0.645639306322 -0.324030754286 -0.332781796365 0
0.698256952157 -0.695669883349 -0.14773251624 -0.564656888772 0
0.653952235852 -0.942277990413 -0.154689847672 -0.263488441646 0
0.64470205055 -0.595106307011 -0.328025158499 -0.599777047563 0
0.229869242576 -0.843038939291 -0.338564132258 -0.499029936466 0
0.680018686405 -0.790224369882 -0.278100702141 -0.707885344439 0
0.391684797742 -0.420293859868 -0.25285050576 -0.759042461263 0
0.522925654567 -0.777213549347 -0.334055695966 -0.604716947288 0
0.621544259615 -0.889919624766 -0.160557282037 -0.30498733424 0
0.313567120098 -0.692585201183 -0.305266529449 -0.458173115868 0
0.537114510475 -0.87117599038 -0.208387142485 -0.650436715623 0
0.452391455387 -0.575412604811 -0.264131236612 -0.489773027942 0
0.945849411602 -0.970716961145 -0.128331618945 -0.394239800936 0
0.911134193507 -0.923944311502 -0.146382148205 -0.480145204898 0
0.840123228945 -0.722129557253 -0.0788840805563 -0.116837489858 0
0.357822847107 -0.807124545393 -0.247704722722 -0.348438355729 0
0.660773779761 -0.256496907216 -0.16228045207 -0.476844202902 0
0.621544259615 -0.889919624766 -0.160557282037 -0.30498733424 0
0.610070253003 -0.582843825514 -0.308095129475 -0.853731550166 0
0.908156562883 -1.18421916173 -0.0657223219016 -0.223917262463 0
0.30919710121 -0.536493967888 -0.239732013752 -0.68282371163 0
0.639797217084 -0.555327777765 -0.185561766051 -0.44885564139 0
0.876926601785 -0.718223589979 -0.104849911587 -0.457685286818 0
0.702853744954 -0.553627176028 -0.263565308478 -0.613500745057 0
0.192254477263 -0.747238421555 -0.440542585379 -0.719848402386 0
0.488580803674 -0.804583212199 -0.298606499874 -0.290011302708 0
0.414606734013 -0.769443954976 -0.322469896005 -0.775671675452 0
0.359281451507 -0.547255027702 -0.19092286374 -0.735213191052 0
0.555405798677 -0.40501267439 -0.198685125518 -0.81654115665 14689
0.841694001407 -0.987519206091 -0.0965709277737 -0.311739532092 14629
0.66986815065 -0.777374789087 -0.42777963559 -0.894414428506 13428
0.841495227167 -0.867468144542 -0.260483530985 -0.831491822627 13391
0.98099749874 -0.980602413971 -0.0319131927959 -0.127666739359 13348
0.34871212103 -0.837206711272 -0.260849761911 -0.399698524374 12649
0.366933573184 -0.777042379514 -0.234559683532 -0.297178187085 12649
0.908304863978 -0.960157500171 -0.231324028696 -0.67898829853 12496
0.0677838763185 -0.758668356428 -0.179385894878 -0.614336282555 9883
0.0295894133409 -0.496347433399 -0.0764732383863 -0.820449355563 9622
0.388514420564 -0.291885872925 -0.32480485061 -0.731610440655 9590
0.571008458787 -0.295547025944 -0.305177058504 -0.757097963967 9113
0.934689429414 -0.276721228877 -0.118423065706 -0.696959123632 8923
0.752543060672 -0.21657501671 -0.0161937598514 -0.190333935391 8914
0.317324004069 -0.672504386915 -0.156019214148 -0.105118251811 8889
0.316340153701 -0.860921660461 -0.259203883221 -0.176719516983 8135
0.84515097998 -0.83101171935 -0.196775489121 -0.399429046767 8019
0.601888115146 -0.28502127251 -0.158317427804 -0.0985239433823 7893
0.14072453823 -0.824603261085 -0.420378303582 -0.83130661401 7891
0.0763833693862 -0.974269712539 -0.525451640363 -0.685796090998 7891
0.0761573820248 -0.63057543425 -0.329423997902 -0.485401272188 7891
0.104015185671 -0.40991390825 -0.258013931336 -0.578302789287 7891
0.715077545184 -0.39076429603 -0.162660486245 -0.115239086943 7758
0.394968394763 -0.54131000334 -0.39575014581 -0.658206547268 7723
0.0802905490382 -0.449358385763 -0.355872035006 -0.649681029624 7723
0.310646153069 -0.515268472422 -0.35378648634 -0.754641460674 7723
0.127307971624 -0.171980857567 -0.32718898757 -0.862590745782 7721
0.70730056538 -0.0250477751704 -0.277584779562 -0.860302603483 7505
0.788648471037 -0.734594297719 -0.379608022686 -0.0546935166055 5896
0.481103286024 -0.449755548526 -0.544663585326 -0.970556818595 3950
0.569930984141 -0.658781775646 -0.616978799791 -0.749795904817 3950
0.321504629741 -0.339322245865 -0.369932623015 -0.649243399992 3950
0.237085524683 -0.675732727719 -0.313256555457 -0.0278905852959 3950
0.493930503424 -0.562572654781 -0.545618752197 -0.60646078228 3950
0.113314644349 -0.630152255807 -0.0573737870664 -0.787222029906 3867
0.240265337534 -0.99211195575 -0.221514203826 -0.858128019697 3867
0.155338385138 -0.29346620597 -0.101958569997 -0.917064174409 3867
0.932639974094 -0.654874620892 -0.914466692774 -0.79190778699 3668
0.869396208414 -0.267192195721 -0.348598352273 -0.342931097268 3590
0.0437439006805 -0.710895990408 -0.871014507009 -0.720688320913 2618
0.374612693407 -0.975621521959 -0.0791545189082 -0.885056585213 2446
0.97121709333 -0.624037939546 -0.689959356179 -0.873956569758 2376
0.665210367942 -0.63114608527 -0.51285739774 -0.432665249201 2376
0.888926914225 -0.947921680183 -0.476776869606 -0.432238508379 2376
0.501727280403 -0.7738497495 -0.43157324105 -0.25025160522 2376
0.684889055968 -0.591877975359 -0.638302507084 -0.883437339455 2376
0.446667824046 -0.45905707123 -0.432774473387 -0.8253322736 2376
0.84597048072 -0.667297607665 -0.65437597019 -0.778332290367 2376
0.548740354837 -0.344814023542 -0.297578148934 -0.504287135094 2376
0.957776900432 -0.362473889105 -0.532930487832 -0.89657644757 2376
0.594838588394 -0.921144065993 -0.511232811413 -0.555686213795 2376
0.577691973837 -0.420147714069 -0.382450769131 -0.341739626566 2337
0.917899310626 -0.683624067162 -0.734555404947 -0.635778065276 2336
0.687446622059 -0.785911263216 -0.104030122973 -0.213568079452 2269
0.341495568542 -0.961886506856 -0.359342913882 -0.632292962473 2088
0.407184646191 -0.614873975976 -0.710784332014 -0.607062476293 1742
0.155827803069 -0.32373817517 -0.431216621789 -0.491071093876 1742
0.464707588008 -0.803850694323 -0.893430065081 -0.747050424117 1742
0.273727485363 -0.344004985288 -0.49647081613 -0.511091757483 1742
0.084247392155 -0.0217556521728 -0.379562006319 -0.691831747924 1742
0.0278762768493 -0.149904905334 -0.471030746603 -0.493596169919 1734
0.407185777742 -0.727265660614 -0.862185588859 -0.367877648454 1734
0.258683044125 -0.848044723239 -0.662536955191 -0.0606862758973 1734
0.0613534050549 -0.651095615298 -0.7172170632 -0.305518808068 1734
0.894370860082 -0.712600095249 -0.0649377713401 -0.599357254758 1684
0.217758689892 -0.383995227653 -0.654504373338 -0.286533085896 1563
0.245278399259 -0.405370998663 -0.589985347561 -0.269255498735 1563
0.115665319735 -0.429721104701 -0.980697126239 -0.630715271908 1563
0.35676291488 -0.374710805766 -0.489494887777 -0.420933008133 1474
0.644719117268 -0.379332934081 -0.724987926462 -0.795001995226 1474
