0.754231773715 -0.612428942181 -0.207593995696 -0.58624942976 0.677081261479 0
0.64165700739 -0.464178090958 -0.264991006901 -0.769640176953 0.487802199672 0
0.679324926991 -0.592103008614 -0.236496453258 -0.678508078735 0.585655937509 0
0.718531145799 -0.582066152319 -0.239417897586 -0.701022368897 0.490686279539 0
0.631330413297 -0.517600575594 -0.254572490432 -0.722528021323 0.562940986141 0
0.665128242174 -0.509445189029 -0.2630131905 -0.747568762293 0.417305077108 0
0.638066770836 -0.459937945347 -0.260388525752 -0.743167601267 0.505837951325 0
0.61596987214 -0.490793442476 -0.272270273268 -0.787219978581 0.378010810208 0
0.683157460763 -0.749619735857 -0.250253373051 -0.717123577196 0.4736515994 0
0.689334475676 -0.566510500666 -0.228580533164 -0.616698650341 0.630964887741 0
0.670357637909 -0.53500835985 -0.240840248227 -0.709502685612 0.601726021837 0
0.624455785889 -0.531275377734 -0.243076321092 -0.89346601682 0.655978148573 0
0.671642345353 -0.429430987068 -0.255973810055 -0.757433932796 0.515216304643 0
0.711849071407 -0.488626623735 -0.24522672147 -0.727682145145 0.491700395342 0
0.659312382801 -0.510101262551 -0.254702720523 -0.629737397589 0.500840666975 0
0.722972336523 -0.480030165462 -0.233340790458 -0.695151892563 0.540406804843 0
0.798919724098 -0.781040693183 -0.173658659255 -0.633083522158 0.764904376205 0
0.705024903592 -0.559558139124 -0.248365098768 -0.721290185231 0.457082693606 0
0.682273694575 -0.583028037029 -0.230226044112 -0.677341147571 0.64911953498 0
0.742013201823 -0.599658626886 -0.230788535959 -0.692421129073 0.523189197858 0
0.719577777982 -0.641007207273 -0.216226489144 -0.644130638038 0.676895185664 0
0.623482305752 -0.542140258118 -0.278404685986 -0.705460022703 0.20596870575 0
0.750691823262 -0.625362527016 -0.211196659691 -0.65818653493 0.680249897405 0
0.719577777982 -0.641007207273 -0.216226489144 -0.644130638038 0.676895185664 0
0.680113951252 -0.547727310985 -0.252978686968 -0.721114189496 0.456750895542 0
0.685585919924 -0.587982385333 -0.229441557148 -0.675261133667 0.646449880742 0
0.682284548639 -0.590186904522 -0.238000480654 -0.664461240126 0.510136226687 0
0.901414572837 -0.55758572156 -0.232207471849 -0.698684295152 0.611956789386 0
0.662804691569 -0.52113739272 -0.244071823775 -0.719911135994 0.598374845039 0
0.723686718188 -0.512803639062 -0.229532272035 -0.698111595325 0.604523874265 0
0.703965413933 -0.562457007415 -0.252199437544 -0.720422932599 0.40483196778 610532
0.589373416637 -0.406041648775 -0.284106229242 -0.800518745504 0.441634815301 494633
0.694892967173 -0.422452361216 -0.244042624525 -0.732991093646 0.563159882265 458996
0.645923843256 -0.586244235922 -0.258940155526 -0.772242385786 0.306354960779 439190
0.657147480472 -0.53884965193 -0.252669346368 -0.731611014383 0.550999670564 384051
0.58037775628 -0.442866324393 -0.259385404834 -0.737701900073 0.630271561662 346651
0.6904245029 -0.540536144079 -0.235037825968 -0.707554258508 0.616691116597 340853
0.645736855546 -0.526533444423 -0.246753609738 -0.711190082682 0.597415443203 339490
0.734904322062 -0.578603907918 -0.246836740582 -0.720463556682 0.394536780399 337571
0.589373416637 -0.406041648775 -0.284106229242 -0.800518745504 0.441634815301 313001
0.673378356816 -0.629401319863 -0.224974733675 -0.644368242825 0.68451010276 312324
0.698358406407 -0.544646727203 -0.234115089608 -0.707583639578 0.606628364607 298510
0.631330413297 -0.517600575594 -0.254572490432 -0.722528021323 0.562940986141 298504
0.768456644444 -0.653286205723 -0.206970869367 -0.643879252797 0.668838623343 295203
0.791951135562 -0.718746294164 -0.185986787331 -0.590217312631 0.773533908126 290955
0.707285589573 -0.553372679122 -0.240183578691 -0.723140685471 0.568572675957 286131
0.667485792391 -0.531225880897 -0.255525710138 -0.524845290892 0.462139296797 283334
0.750691823262 -0.625362527016 -0.211196659691 -0.65818653493 0.680249897405 276513
0.632830483476 -0.441080286805 -0.275890332219 -0.798235942493 0.435184917657 274966
0.697676754515 -0.651512342898 -0.219772466372 -0.809675972919 0.560057896719 272410
0.593778902192 -0.52048172114 -0.298404541063 -0.734525238143 0.0507302177334 270362
0.650691649482 -0.487820511879 -0.25383468939 -0.740370159727 0.541660130099 268632
0.719294158973 -0.594733124759 -0.24512327675 -0.697827113003 0.411810317759 267242
0.702909242178 -0.705153502078 -0.209223229964 -0.56873636585 0.621751373867 265651
0.730836271381 -0.594152528017 -0.215919780637 -0.674177632153 0.693004157177 264119
0.654379248608 -0.564669076339 -0.257601198662 -0.675226911581 0.367444971715 259918
0.697831682812 -0.526088808715 -0.231278055039 -0.67277635089 0.584639151945 255017
0.907291326017 -0.919689281546 -0.124297926669 -0.444056996616 0.984174328686 254491
0.620727295963 -0.493314376983 -0.255855499387 -0.734500580328 0.5886069035 252229
0.757799622459 -0.43559345194 -0.207564379806 -0.646455392533 0.67833396869 247572
0.709600923012 -0.486630582103 -0.233160390339 -0.581554493808 0.562955161206 245898
0.609854575959 -0.460498743797 -0.269689439241 -0.762447849713 0.50084999297 244139
0.645508341497 -0.555298089247 -0.244592576195 -0.696173730604 0.603932246651 239861
0.686761390271 -0.526232314199 -0.260141277363 -0.745783065731 0.396999904696 238112
0.613469541769 -0.480445825691 -0.287052397126 -0.766649533122 0.244580471194 236425
0.617518618144 -0.36365861405 -0.296851082709 -0.861121635009 0.326012548137 234084
0.703928582782 -0.565537302374 -0.223278264772 -0.683328331037 0.678196562094 228771
0.687687406767 -0.539651534183 -0.252699095144 -0.726517885893 0.446640348128 222094
0.750410084495 -0.710784824902 -0.189517156129 -0.573212587747 0.799458591284 217814
0.655285522335 -0.480650653035 -0.259081395016 -0.763401431185 0.523947860689 214780
0.688728684224 -0.569420922599 -0.233714009577 -0.691587618818 0.619352255687 213492
0.700530488005 -0.612267846407 -0.221372736545 -0.752002844087 0.613983924674 212514
0.692849309524 -0.570896095441 -0.230792715183 -0.687397714788 0.634598384576 212404
0.694128735919 -0.542455320147 -0.234607012751 -0.707567976135 0.611992952805 212056
0.742715451511 -0.610550759624 -0.208404446847 -0.650101714388 0.691773878322 208562
0.67256358664 -0.509771853754 -0.241043643931 -0.656735375662 0.58294006205 207273
0.557547525627 -0.453967326033 -0.269694667212 -0.731990511455 0.572377587636 207012
0.80069265719 -0.729502000086 -0.18996121317 -0.589903850511 0.700348861839 206648
0.666879440499 -0.539643130689 -0.235278788511 -0.69455076766 0.648009415301 203399
0.630829094229 -0.58849931654 -0.327763247256 -0.7371172487 -0.482706186374 202437
0.664427024142 -0.579462050617 -0.240248320032 -0.692482654829 0.610879063456 201493
0.617193496702 -0.406221077164 -0.289098911265 -0.839876098466 0.420902032335 200438
0.685463404479 -0.468556046291 -0.305580967902 -0.833314113299 -0.00965982499897 200335
0.7046229765 -0.547309754562 -0.210525891432 -0.659309872039 0.725714054654 199485
0.701804794558 -0.554994875758 -0.244068954604 -0.724437073634 0.532429684781 197192
0.598978085372 -0.496558093347 -0.284594852657 -0.737486351618 0.219940473787 196573
0.912470573423 -0.626931283519 -0.256108492152 -0.681807916443 0.200397025713 195545
0.671834240056 -0.504615617095 -0.259638637593 -0.754138418734 0.457203842916 195419
0.643419069299 -0.532979680601 -0.292406374875 -0.750648137216 0.0355113268822 194844
0.604937893201 -0.430924170834 -0.24829498269 -0.74384605554 0.69255231347 192431
0.693521724567 -0.557446485103 -0.249940883866 -0.726396291933 0.477807148307 189329
0.697586429111 -0.538374273217 -0.249937802411 -0.72928494257 0.459732828054 188120
0.801435771906 -0.72581160774 -0.185631867017 -0.591765552642 0.764211921501 185231
0.646101438541 -0.698418819795 -0.23279036516 -0.563383106367 0.409225527601 182129
0.612284718135 -0.52837717258 -0.309247141802 -0.751405125931 -0.119341748854 181491
0.689626679428 -0.521884167925 -0.274857905346 -0.767335501458 0.243769299489 179755
0.645619758967 -0.431236010568 -0.250644262881 -0.735018043115 0.592036463168 178763
0.629433331339 -0.445758305205 -0.267259860572 -0.77551363332 0.47786578287 178137
0.620742656263 -0.409346989324 -0.284359393139 -0.825602008882 0.418987799323 177510
0.7050278306 -0.662838777217 -0.210406532951 -0.615133028871 0.731738164282 173549
