0.577230398227 -0.677918341922 -0.203141624902 -0.596431564144 0
0.570829632796 -0.610143550724 -0.203620108471 -0.651674811983 0
0.581998716591 -0.697324383405 -0.205911481087 -0.597499057277 0
0.583194485055 -0.722622763452 -0.207839062108 -0.576868021741 0
0.58474701411 -0.64721893403 -0.206579510108 -0.649571033056 0
0.587311043008 -0.706851321563 -0.207934875483 -0.603372011053 0
0.594380589303 -0.729920408799 -0.211485662641 -0.601474129766 0
0.582179519825 -0.733783945494 -0.20913987208 -0.567680924014 0
0.586332750836 -0.6883226535 -0.207568991249 -0.617392986475 0
0.579421854456 -0.754257223048 -0.21370521815 -0.563659427532 0
0.581943657458 -0.715425382896 -0.204235788351 -0.572688100817 0
0.584563905515 -0.759892296208 -0.21404079079 -0.562444474139 0
0.574830909544 -0.801095330876 -0.217654302495 -0.522486612399 0
0.583341496536 -0.690920293826 -0.208832567161 -0.611879985539 0
0.576724769 -0.700833370534 -0.205117382238 -0.583194472266 0
0.584059102552 -0.743791986493 -0.206134356104 -0.555084228859 0
0.584033301143 -0.791602551189 -0.21609457631 -0.545589340221 0
0.578449237932 -0.684186810662 -0.210418056404 -0.616873141512 0
0.586541828788 -0.764962023271 -0.212761199338 -0.563578461605 0
0.591222086806 -0.761795999525 -0.212590131545 -0.569565672797 0
0.594380589303 -0.729920408799 -0.211485662641 -0.601474129766 0
0.58101326683 -0.743819198195 -0.211773421779 -0.57067411951 0
0.594380589303 -0.729920408799 -0.211485662641 -0.601474129766 0
0.573036094866 -0.683352241634 -0.211472613265 -0.608479183849 0
0.58011094726 -0.650406361131 -0.206049699345 -0.637012444291 0
0.583754984503 -0.694715652399 -0.210207095924 -0.609827286132 0
0.576003416707 -0.608358174549 -0.205163433364 -0.669629426144 0
0.578551346654 -0.633689828606 -0.206742353219 -0.655039041121 0
0.581489090835 -0.802999034192 -0.21620364325 -0.529607811057 0
0.577400921261 -0.741888283176 -0.207585015348 -0.547963030201 0
0.58014285996 -0.716521728887 -0.209478751642 -0.587005232462 14689
0.598070423464 -0.75033706297 -0.211904375942 -0.587333857047 14689
0.584373750149 -0.77325493608 -0.213275887147 -0.551797488547 14689
0.576198449047 -0.643464649771 -0.204684434901 -0.634316183487 14689
0.57276144374 -0.622088943785 -0.205239168178 -0.651124073258 14689
0.577438753525 -0.742637669003 -0.208146580876 -0.55385453551 14689
0.577292158365 -0.696823459057 -0.200634128691 -0.571036505271 14689
0.579635590006 -0.637924874086 -0.205198238917 -0.644748970256 14689
0.573650764956 -0.655073760726 -0.202617735633 -0.614174310339 14689
0.57716863809 -0.659013224786 -0.205649121114 -0.621826623016 14689
0.584227154989 -0.727440726135 -0.205763434962 -0.568979458307 14689
0.583754984503 -0.694715652399 -0.210207095924 -0.609827286132 14689
0.585607248118 -0.702136201082 -0.207161592876 -0.598746740938 14689
0.568566265642 -0.656676781741 -0.205369856172 -0.608241248378 14689
0.582790481224 -0.686783677008 -0.207280234249 -0.609267272904 14689
0.577792185282 -0.752132127111 -0.211966118249 -0.554391765355 14689
0.580934490706 -0.660871759224 -0.205871478615 -0.627931274553 14689
0.588795742066 -0.713669683148 -0.209234143656 -0.602967825906 14689
0.581514917827 -0.683988600409 -0.210748340762 -0.621719583711 14689
0.580604458551 -0.675434535404 -0.207241369126 -0.618329013806 14689
0.581047285053 -0.74744948668 -0.209396692666 -0.55510221917 14689
0.583199848019 -0.69823901686 -0.203568958872 -0.587887490559 14689
0.576669192516 -0.670537680565 -0.20879248935 -0.623841744871 14689
0.579948434695 -0.608911215763 -0.203729181913 -0.670766617863 14689
0.579948434695 -0.608911215763 -0.203729181913 -0.670766617863 14689
0.584326527231 -0.685823021878 -0.204333385229 -0.602027092162 14689
0.581789946854 -0.737452525072 -0.20912231018 -0.568842892986 14689
0.584992955929 -0.722615308804 -0.20815699484 -0.582819813133 14689
0.578402046222 -0.661926790272 -0.204889411369 -0.619667458366 14689
0.587176671287 -0.746379546336 -0.211014625375 -0.575269618142 14689
0.571057387566 -0.769447529446 -0.216177205637 -0.537555091231 14689
0.572889409869 -0.711570332171 -0.209314745606 -0.576552736568 14689
0.580239277391 -0.675771313792 -0.208279036947 -0.619900721496 14689
0.578604431521 -0.832743132305 -0.219131399353 -0.507418133567 14689
0.585341685056 -0.697796040225 -0.20628143155 -0.598633824311 14689
0.581974746531 -0.667141552371 -0.204071033157 -0.619171570465 14689
0.588249636715 -0.716010670436 -0.211433953341 -0.602108592986 14689
0.56989170957 -0.679342066144 -0.205192387161 -0.583991493175 14689
0.599449988434 -0.777802467775 -0.217084207298 -0.574524718189 14689
0.585293033397 -0.784756728982 -0.218101044874 -0.553076755817 14689
0.581347855786 -0.655405965747 -0.206228257665 -0.633040019628 14689
0.590774045937 -0.707727035961 -0.212287451792 -0.615319477791 14689
0.584949353594 -0.77091845725 -0.214398376274 -0.559189448756 14689
0.580924652626 -0.79275605333 -0.210099527678 -0.520281774026 14689
0.581857548549 -0.712825421978 -0.213189711762 -0.591359893104 14689
0.568732560984 -0.628965732285 -0.202811468801 -0.629573125246 14689
0.584042648704 -0.701764636759 -0.20453965456 -0.588210843474 14689
0.591469629782 -0.755997558818 -0.208964998555 -0.558809111461 14689
0.588562413498 -0.682036292035 -0.21195390653 -0.63491527153 14689
0.582374937268 -0.785555457178 -0.212708780989 -0.537782893795 14689
0.581004942681 -0.697861378134 -0.209604059532 -0.606500399781 14689
0.574992935984 -0.703052150329 -0.208808912545 -0.588941670619 14689
0.573048276909 -0.557258214509 -0.204876037429 -0.716077779567 14689
0.582374937268 -0.785555457178 -0.212708780989 -0.537782893795 14689
0.566239476503 -0.623097418704 -0.206309004895 -0.643913706428 14689
0.572258819591 -0.555383824981 -0.200688518855 -0.702798018029 14689
0.59179553328 -0.701467944905 -0.204541455757 -0.604396834526 14689
0.589111840505 -0.705754975572 -0.202691912192 -0.589054879408 14689
0.579886471001 -0.611960860221 -0.207157151024 -0.675710031132 14689
0.58787412954 -0.696741009177 -0.207263498796 -0.606897640497 14689
0.580523741095 -0.694768647535 -0.203256236413 -0.58187907939 14689
0.58157082901 -0.800130325825 -0.215537148919 -0.528325358951 14689
0.573306678039 -0.685145012181 -0.200756012833 -0.579383712069 14689
0.581883673699 -0.771116667502 -0.214068091915 -0.554343006558 14689
0.571767556022 -0.540945035305 -0.202047829781 -0.719358130792 14689
0.575014802165 -0.597256953822 -0.206768020892 -0.679403276467 14689
0.589462170764 -0.750461970074 -0.213057753268 -0.583760546876 14689
0.57680888776 -0.630717746203 -0.201689314924 -0.637833453192 14689
0.587270691615 -0.713659991007 -0.212135154901 -0.599753850768 14689
0.590899389226 -0.696291094635 -0.206787582954 -0.617029890235 14689
