0.713604725418 -0.56788659327 -0.225573534142 -0.691901615944 0.647176377521 0
0.698033161553 -0.595636817533 -0.227271619427 -0.756296195672 0.584407631129 0
0.712556822857 -0.559477946119 -0.240908743573 -0.713977682051 0.506151304585 0
0.710612267076 -0.616885432635 -0.220718815714 -0.657219895995 0.666888951336 0
0.655314911379 -0.54811448839 -0.240318752477 -0.695429000559 0.62415796525 0
0.744554995706 -0.630580819143 -0.210359361636 -0.649652600997 0.68901154667 0
0.756842343765 -0.690633337546 -0.201506899778 -0.617006321919 0.723641488831 0
0.631495750476 -0.525979658204 -0.276462842584 -0.627229071701 0.261254006974 0
0.65211077393 -0.415798748048 -0.260286144046 -0.760369726671 0.513888359856 0
0.647925587749 -0.509432381651 -0.249881608049 -0.724080098923 0.572786073981 0
0.620727295963 -0.493314376983 -0.255855499387 -0.734500580328 0.5886069035 0
0.609854575959 -0.460498743797 -0.269689439241 -0.762447849713 0.50084999297 0
0.744554995706 -0.630580819143 -0.210359361636 -0.649652600997 0.68901154667 0
0.634937095172 -0.49128938964 -0.247314281903 -0.722755202933 0.623538603829 0
0.780958297496 -0.715041135477 -0.193430623739 -0.4866174402 0.709158712593 0
0.719577777982 -0.641007207273 -0.216226489144 -0.644130638038 0.676895185664 0
0.617693748402 -0.443811891442 -0.270125068796 -0.772738624888 0.487832332231 0
0.732548173158 -0.337404139747 -0.221518971499 -0.677599814142 0.644777714223 0
0.719006954285 -0.593508110157 -0.23075022532 -0.585583294954 0.567609234406 0
0.663757328505 -0.419092935607 -0.250302213086 -0.732478057812 0.546170857534 0
0.603579690246 -0.44207628871 -0.26668619272 -0.764478522186 0.543976955569 0
0.690194224733 -0.352494884282 -0.246795057351 -0.715813677737 0.496263622198 0
0.692988745935 -0.472773373857 -0.240205259469 -0.72215127067 0.58597204033 0
0.652830052985 -0.574765695158 -0.23943878703 -0.682563948524 0.625100796724 0
0.631330413297 -0.517600575594 -0.0545724904318 -0.722528021323 0.562940986141 0
0.648655970853 -0.533162070955 -0.264669282246 -0.720387898658 0.34243231561 0
0.534316182148 -0.635324737049 -0.212440464346 -0.641812725106 0.6743864939 0
0.801435771906 -0.72581160774 -0.185631867017 -0.591765552642 0.764211921501 0
0.695892864978 -0.612639157035 -0.223730937237 -0.646751506997 0.618907528037 0
0.659312382801 -0.510101262551 -0.254702720523 -0.629737397589 0.500840666975 0
0.694892967173 -0.422452361216 -0.244042624525 -0.732991093646 0.563159882265 458996
0.657147480472 -0.53884965193 -0.252669346368 -0.731611014383 0.550999670564 384051
0.58037775628 -0.442866324393 -0.259385404834 -0.737701900073 0.630271561662 346651
0.6904245029 -0.540536144079 -0.235037825968 -0.707554258508 0.616691116597 340853
0.645736855546 -0.526533444423 -0.246753609738 -0.711190082682 0.597415443203 339490
0.734904322062 -0.578603907918 -0.246836740582 -0.720463556682 0.394536780399 337571
0.589373416637 -0.406041648775 -0.284106229242 -0.800518745504 0.441634815301 313001
0.673378356816 -0.629401319863 -0.224974733675 -0.644368242825 0.68451010276 312324
0.698358406407 -0.544646727203 -0.234115089608 -0.707583639578 0.606628364607 298510
0.631330413297 -0.517600575594 -0.254572490432 -0.722528021323 0.562940986141 298504
0.768456644444 -0.653286205723 -0.206970869367 -0.643879252797 0.668838623343 295203
0.791951135562 -0.718746294164 -0.185986787331 -0.590217312631 0.773533908126 290955
0.707285589573 -0.553372679122 -0.240183578691 -0.723140685471 0.568572675957 286131
0.667485792391 -0.531225880897 -0.255525710138 -0.524845290892 0.462139296797 283334
0.750691823262 -0.625362527016 -0.211196659691 -0.65818653493 0.680249897405 276513
0.632830483476 -0.441080286805 -0.275890332219 -0.798235942493 0.435184917657 274966
0.697676754515 -0.651512342898 -0.219772466372 -0.809675972919 0.560057896719 272410
0.593778902192 -0.52048172114 -0.298404541063 -0.734525238143 0.0507302177334 270362
0.650691649482 -0.487820511879 -0.25383468939 -0.740370159727 0.541660130099 268632
0.719294158973 -0.594733124759 -0.24512327675 -0.697827113003 0.411810317759 267242
0.702909242178 -0.705153502078 -0.209223229964 -0.56873636585 0.621751373867 265651
0.730836271381 -0.594152528017 -0.215919780637 -0.674177632153 0.693004157177 264119
0.907291326017 -0.919689281546 -0.124297926669 -0.444056996616 0.984174328686 254491
0.620727295963 -0.493314376983 -0.255855499387 -0.734500580328 0.5886069035 252229
0.757799622459 -0.43559345194 -0.207564379806 -0.646455392533 0.67833396869 247572
0.609854575959 -0.460498743797 -0.269689439241 -0.762447849713 0.50084999297 244139
0.645508341497 -0.555298089247 -0.244592576195 -0.696173730604 0.603932246651 239861
0.686761390271 -0.526232314199 -0.260141277363 -0.745783065731 0.396999904696 238112
0.617518618144 -0.36365861405 -0.296851082709 -0.861121635009 0.326012548137 234084
0.703928582782 -0.565537302374 -0.223278264772 -0.683328331037 0.678196562094 228771
0.750410084495 -0.710784824902 -0.189517156129 -0.573212587747 0.799458591284 217814
0.655285522335 -0.480650653035 -0.259081395016 -0.763401431185 0.523947860689 214780
0.700530488005 -0.612267846407 -0.221372736545 -0.752002844087 0.613983924674 212514
0.742715451511 -0.610550759624 -0.208404446847 -0.650101714388 0.691773878322 208562
0.557547525627 -0.453967326033 -0.269694667212 -0.731990511455 0.572377587636 207012
0.80069265719 -0.729502000086 -0.18996121317 -0.589903850511 0.700348861839 206648
0.666879440499 -0.539643130689 -0.235278788511 -0.69455076766 0.648009415301 203399
0.630829094229 -0.58849931654 -0.327763247256 -0.7371172487 -0.482706186374 202437
0.664427024142 -0.579462050617 -0.240248320032 -0.692482654829 0.610879063456 201493
0.617193496702 -0.406221077164 -0.289098911265 -0.839876098466 0.420902032335 200438
0.685463404479 -0.468556046291 -0.305580967902 -0.833314113299 -0.00965982499897 200335
0.7046229765 -0.547309754562 -0.210525891432 -0.659309872039 0.725714054654 199485
0.701804794558 -0.554994875758 -0.244068954604 -0.724437073634 0.532429684781 197192
0.598978085372 -0.496558093347 -0.284594852657 -0.737486351618 0.219940473787 196573
0.912470573423 -0.626931283519 -0.256108492152 -0.681807916443 0.200397025713 195545
0.671834240056 -0.504615617095 -0.259638637593 -0.754138418734 0.457203842916 195419
0.643419069299 -0.532979680601 -0.292406374875 -0.750648137216 0.0355113268822 194844
0.604937893201 -0.430924170834 -0.24829498269 -0.74384605554 0.69255231347 192431
0.693521724567 -0.557446485103 -0.249940883866 -0.726396291933 0.477807148307 189329
0.697586429111 -0.538374273217 -0.249937802411 -0.72928494257 0.459732828054 188120
0.646101438541 -0.698418819795 -0.23279036516 -0.563383106367 0.409225527601 182129
0.612284718135 -0.52837717258 -0.309247141802 -0.751405125931 -0.119341748854 181491
0.689626679428 -0.521884167925 -0.274857905346 -0.767335501458 0.243769299489 179755
0.645619758967 -0.431236010568 -0.250644262881 -0.735018043115 0.592036463168 178763
0.629433331339 -0.445758305205 -0.267259860572 -0.77551363332 0.47786578287 178137
0.620742656263 -0.409346989324 -0.284359393139 -0.825602008882 0.418987799323 177510
0.7050278306 -0.662838777217 -0.210406532951 -0.615133028871 0.731738164282 173549
0.631330413297 -0.517600575594 -0.254572490432 -0.722528021323 0.562940986141 173208
0.624455785889 -0.531275377734 -0.243076321092 -0.69346601682 0.655978148573 172674
0.694462198588 -0.583823183993 -0.239173988361 -0.690703319904 0.538119637226 172484
0.751765561658 -0.483486777771 -0.278307153248 -0.779507262848 0.26883883004 171682
0.638440008822 -0.483493576173 -0.249538570384 -0.72360398989 0.538884634002 171282
0.763580305596 -0.709112514239 -0.182341552822 -0.577629283984 0.867877482848 171156
0.695408991322 -0.603436387604 -0.250648996897 -0.682482665171 0.350297376269 170315
0.672794480524 -0.539642647842 -0.244378929123 -0.720299423593 0.581888072966 168974
0.693521724567 -0.557446485103 -0.249940883866 -0.726396291933 0.477807148307 168469
0.675446463999 -0.31681227844 -0.260725949846 -0.74874671251 0.423664108621 167708
0.73453268935 -0.592368156402 -0.237541823708 -0.699275746673 0.464152816727 167046
0.654303806652 -0.549656254772 -0.246495026063 -0.710045198309 0.588287986527 166917
0.675036444605 -0.507602669487 -0.254812115689 -0.747471935434 0.493964907253 165297
