0.43537702178 -0.531989794023 -0.312535766579 -0.524802882955 0
0.747775620667 -0.936211878673 -0.164798012091 -0.411811041162 0
0.577575922147 -0.826661096156 -0.169196959231 -0.546717745012 0
0.618644207534 -0.706370519521 -0.174031849401 -0.533447944582 0
0.518506374199 -0.79180530899 -0.340431874235 -0.629581382352 0
0.675513611458 -0.852868327458 -0.139123530669 -0.563767709999 0
0.387051321388 -0.78772914596 -0.286188737528 -0.568348946181 0
0.45926714776 -0.740250299419 -0.251499039654 -0.801829529871 0
0.538801362141 -0.759978533887 -0.105293559121 -0.583583184039 0
0.664311732046 -0.881847863956 -0.203736582079 -0.440103512956 0
0.737952760727 -0.515851521165 -0.221450208765 -0.652886721942 0
0.329198921439 -0.688709562392 -0.250421452964 -0.539510634132 0
0.824968036305 -0.878685004838 -0.23043778922 -0.512186009223 0
0.773128838792 -0.753614241902 -0.240468799271 -0.542111582899 0
0.796399607352 -0.507555228041 -0.101712267323 -0.289355591218 0
0.353267484069 -0.822165628333 -0.254277242317 -0.374068440051 0
0.964331060888 -0.975914953043 -0.0776326568714 -0.254069730976 0
0.908156562883 -0.984219161725 -0.0657223219016 -0.223917262463 0
0.784339926826 -0.679803314834 -0.204529845456 -0.550586204704 0
0.637748247734 -0.91609880759 -0.157623564855 -0.284237887943 0
0.58621127122 -0.720156167876 -0.19747340557 -0.554052639871 0
0.812347391245 -0.787278477451 -0.180411529943 -0.364427167301 0
0.631389094187 -0.883175442307 -0.239564211585 -0.512707677075 0
0.735692186907 -0.843189839217 -0.109572653063 -0.485767799853 0
0.361978390579 -0.77383182949 -0.226820889254 -0.659289003908 0
0.584416054099 -0.675995514697 -0.316665185498 -0.48016144771 0
0.676104594005 -0.818973936881 -0.151211181956 -0.414072665209 0
0.661783922755 -0.861134665725 -0.289068156594 -0.573945920907 0
0.731571632548 -0.910032695849 -0.167731729273 -0.432560487459 0
0.309694463633 -0.624382956349 -0.139956232823 -0.824258973304 0
0.555405798677 -0.40501267439 -0.198685125518 -0.81654115665 14689
0.841694001407 -0.987519206091 -0.0965709277737 -0.311739532092 14629
0.391684797742 -0.420293859868 -0.25285050576 -0.759042461263 14377
0.502028067708 -0.712298306511 -0.183546711127 -0.826874840135 14013
0.841599005481 -0.930145766933 -0.17490617651 -0.560133640677 13861
0.698256952157 -0.695669883349 -0.14773251624 -0.564656888772 13861
0.653952235852 -0.942277990413 -0.154689847672 -0.263488441646 13861
0.621544259615 -0.889919624766 -0.160557282037 -0.30498733424 13861
0.621544259615 -0.889919624766 -0.160557282037 -0.30498733424 13861
0.64470205055 -0.595106307011 -0.328025158499 -0.599777047563 13428
0.66986815065 -0.777374789087 -0.42777963559 -0.894414428506 13428
0.414606734013 -0.769443954976 -0.322469896005 -0.775671675452 13417
0.841495227167 -0.867468144542 -0.260483530985 -0.831491822627 13391
0.98099749874 -0.980602413971 -0.0319131927959 -0.127666739359 13348
0.357822847107 -0.807124545393 -0.247704722722 -0.348438355729 12649
0.34871212103 -0.837206711272 -0.260849761911 -0.399698524374 12649
0.366933573184 -0.777042379514 -0.234559683532 -0.297178187085 12649
0.911134193507 -0.923944311502 -0.146382148205 -0.480145204898 12496
0.908304863978 -0.960157500171 -0.231324028696 -0.67898829853 12496
0.30919710121 -0.536493967888 -0.239732013752 -0.68282371163 12340
0.945849411602 -0.970716961145 -0.128331618945 -0.394239800936 12037
0.359281451507 -0.547255027702 -0.19092286374 -0.735213191052 11589
0.0677838763185 -0.758668356428 -0.179385894878 -0.614336282555 9883
0.0295894133409 -0.496347433399 -0.0764732383863 -0.820449355563 9622
0.388514420564 -0.291885872925 -0.32480485061 -0.731610440655 9590
0.680018686405 -0.790224369882 -0.278100702141 -0.707885344439 9142
0.571008458787 -0.295547025944 -0.305177058504 -0.757097963967 9113
0.537114510475 -0.87117599038 -0.208387142485 -0.650436715623 9048
0.840123228945 -0.722129557253 -0.0788840805563 -0.116837489858 8936
0.934689429414 -0.276721228877 -0.118423065706 -0.696959123632 8923
0.752543060672 -0.21657501671 -0.0161937598514 -0.190333935391 8914
0.317324004069 -0.672504386915 -0.156019214148 -0.105118251811 8889
0.488580803674 -0.804583212199 -0.298606499874 -0.290011302708 8447
0.660773779761 -0.256496907216 -0.16228045207 -0.476844202902 8428
0.639797217084 -0.555327777765 -0.185561766051 -0.44885564139 8290
0.522925654567 -0.777213549347 -0.334055695966 -0.604716947288 8164
0.610070253003 -0.582843825514 -0.308095129475 -0.853731550166 8158
0.316340153701 -0.860921660461 -0.259203883221 -0.176719516983 8135
0.84515097998 -0.83101171935 -0.196775489121 -0.399429046767 8019
0.452391455387 -0.575412604811 -0.264131236612 -0.489773027942 7978
0.601888115146 -0.28502127251 -0.158317427804 -0.0985239433823 7893
0.14072453823 -0.824603261085 -0.420378303582 -0.83130661401 7891
0.0763833693862 -0.974269712539 -0.525451640363 -0.685796090998 7891
0.0761573820248 -0.63057543425 -0.329423997902 -0.485401272188 7891
0.104015185671 -0.40991390825 -0.258013931336 -0.578302789287 7891
0.229869242576 -0.843038939291 -0.338564132258 -0.499029936466 7888
0.313567120098 -0.692585201183 -0.305266529449 -0.458173115868 7778
0.715077545184 -0.39076429603 -0.162660486245 -0.115239086943 7758
0.129840868512 -0.645639306322 -0.324030754286 -0.332781796365 7723
0.192254477263 -0.747238421555 -0.440542585379 -0.719848402386 7723
0.394968394763 -0.54131000334 -0.39575014581 -0.658206547268 7723
0.0802905490382 -0.449358385763 -0.355872035006 -0.649681029624 7723
0.310646153069 -0.515268472422 -0.35378648634 -0.754641460674 7723
0.127307971624 -0.171980857567 -0.32718898757 -0.862590745782 7721
0.70730056538 -0.0250477751704 -0.277584779562 -0.860302603483 7505
0.702853744954 -0.553627176028 -0.263565308478 -0.613500745057 7259
0.788648471037 -0.734594297719 -0.379608022686 -0.0546935166055 5896
0.481103286024 -0.449755548526 -0.544663585326 -0.970556818595 3950
0.569930984141 -0.658781775646 -0.616978799791 -0.749795904817 3950
0.321504629741 -0.339322245865 -0.369932623015 -0.649243399992 3950
0.237085524683 -0.675732727719 -0.313256555457 -0.0278905852959 3950
0.493930503424 -0.562572654781 -0.545618752197 -0.60646078228 3950
0.113314644349 -0.630152255807 -0.0573737870664 -0.787222029906 3867
0.240265337534 -0.99211195575 -0.221514203826 -0.858128019697 3867
0.155338385138 -0.29346620597 -0.101958569997 -0.917064174409 3867
0.932639974094 -0.654874620892 -0.914466692774 -0.79190778699 3668
0.869396208414 -0.267192195721 -0.348598352273 -0.342931097268 3590
0.0437439006805 -0.710895990408 -0.871014507009 -0.720688320913 2618
0.374612693407 -0.975621521959 -0.0791545189082 -0.885056585213 2446
0.97121709333 -0.624037939546 -0.689959356179 -0.873956569758 2376
